创建了新的github文件
再次创建
NO. 	X(m) 	Y(m) 	Z(m) 	T(ms) 	Voltage(nv/(Am^2)) 	Distance(m) 	Resistivity(ohm.m) 	Depth(m)
0 	0.0 	0.0 	0.0 	7.50000E-03 	3.50171E07 	0.0000 	0.0210 	-0.2810
0 	0.0 	0.0 	0.0 	1.00000E-02 	3.35809E07 	0.0000 	0.0134 	-0.2589
0 	0.0 	0.0 	0.0 	1.30000E-02 	3.29344E07 	0.0000 	0.0088 	-0.2387
0 	0.0 	0.0 	0.0 	1.65000E-02 	3.10412E07 	0.0000 	0.0061 	-0.2249
0 	0.0 	0.0 	0.0 	2.10000E-02 	2.92736E07 	0.0000 	0.0043 	-0.2116
0 	0.0 	0.0 	0.0 	2.70000E-02 	2.73180E07 	0.0000 	0.0029 	-0.1991
0 	0.0 	0.0 	0.0 	3.50000E-02 	2.47464E07 	0.0000 	0.0020 	-0.1888
0 	0.0 	0.0 	0.0 	4.55000E-02 	2.17121E07 	0.0000 	0.0014 	-0.1807
0 	0.0 	0.0 	0.0 	5.90000E-02 	1.83788E07 	0.0000 	0.0010 	-0.1751
0 	0.0 	0.0 	0.0 	7.65000E-02 	1.48031E07 	0.0000 	0.0008 	-0.1726
0 	0.0 	0.0 	0.0 	1.00000E-01 	1.10792E07 	0.0000 	0.0006 	-0.1739
0 	0.0 	0.0 	0.0 	1.32000E-01 	7.47585E06 	0.0000 	0.0005 	-0.1807
0 	0.0 	0.0 	0.0 	1.75500E-01 	4.38609E06 	0.0000 	0.0004 	-0.1963
0 	0.0 	0.0 	0.0 	2.34000E-01 	2.14782E06 	0.0000 	0.0004 	-0.2263
0 	0.0 	0.0 	0.0 	3.13000E-01 	8.24365E05 	0.0000 	0.0005 	-0.2826
0 	0.0 	0.0 	0.0 	4.20500E-01 	2.26560E05 	0.0000 	0.0007 	-0.3939
0 	0.0 	0.0 	0.0 	5.66500E-01 	3.98791E04 	0.0000 	0.0014 	-0.6365
0 	0.0 	0.0 	0.0 	7.64500E-01 	3.89049E03 	0.0000 	0.0041 	-1.2511
0 	0.0 	0.0 	0.0 	1.03300E00 	1.38046E02 	0.0000 	0.0230 	-3.4439
1 	0.0 	1.0 	0.0 	7.50000E-03 	3.54000E07 	1.0000 	0.0209 	-0.2799
1 	0.0 	1.0 	0.0 	1.00000E-02 	3.38973E07 	1.0000 	0.0133 	-0.2580
1 	0.0 	1.0 	0.0 	1.30000E-02 	3.32041E07 	1.0000 	0.0087 	-0.2381
1 	0.0 	1.0 	0.0 	1.65000E-02 	3.13011E07 	1.0000 	0.0061 	-0.2243
1 	0.0 	1.0 	0.0 	2.10000E-02 	2.95161E07 	1.0000 	0.0042 	-0.2110
1 	0.0 	1.0 	0.0 	2.70000E-02 	2.75469E07 	1.0000 	0.0029 	-0.1986
1 	0.0 	1.0 	0.0 	3.50000E-02 	2.49552E07 	1.0000 	0.0020 	-0.1882
1 	0.0 	1.0 	0.0 	4.55000E-02 	2.18963E07 	1.0000 	0.0014 	-0.1801
1 	0.0 	1.0 	0.0 	5.90000E-02 	1.85353E07 	1.0000 	0.0010 	-0.1746
1 	0.0 	1.0 	0.0 	7.65000E-02 	1.49308E07 	1.0000 	0.0008 	-0.1721
1 	0.0 	1.0 	0.0 	1.00000E-01 	1.11760E07 	1.0000 	0.0006 	-0.1734
1 	0.0 	1.0 	0.0 	1.32000E-01 	7.54191E06 	1.0000 	0.0005 	-0.1802
1 	0.0 	1.0 	0.0 	1.75500E-01 	4.42603E06 	1.0000 	0.0004 	-0.1957
1 	0.0 	1.0 	0.0 	2.34000E-01 	2.16787E06 	1.0000 	0.0004 	-0.2256
1 	0.0 	1.0 	0.0 	3.13000E-01 	8.32357E05 	1.0000 	0.0005 	-0.2817
1 	0.0 	1.0 	0.0 	4.20500E-01 	2.28654E05 	1.0000 	0.0007 	-0.3927
1 	0.0 	1.0 	0.0 	5.66500E-01 	4.02567E04 	1.0000 	0.0014 	-0.6345
1 	0.0 	1.0 	0.0 	7.64500E-01 	3.79660E03 	1.0000 	0.0042 	-1.2613
1 	0.0 	1.0 	0.0 	1.03300E00 	1.87095E01 	1.0000 	0.0870 	-6.7045
2 	0.0 	2.0 	0.0 	7.50000E-03 	3.53354E07 	2.0000 	0.0209 	-0.2801
2 	0.0 	2.0 	0.0 	1.00000E-02 	3.38916E07 	2.0000 	0.0133 	-0.2581
2 	0.0 	2.0 	0.0 	1.30000E-02 	3.32308E07 	2.0000 	0.0087 	-0.2380
2 	0.0 	2.0 	0.0 	1.65000E-02 	3.13280E07 	2.0000 	0.0061 	-0.2242
2 	0.0 	2.0 	0.0 	2.10000E-02 	2.95405E07 	2.0000 	0.0042 	-0.2110
2 	0.0 	2.0 	0.0 	2.70000E-02 	2.75739E07 	2.0000 	0.0029 	-0.1985
2 	0.0 	2.0 	0.0 	3.50000E-02 	2.49747E07 	2.0000 	0.0020 	-0.1882
2 	0.0 	2.0 	0.0 	4.55000E-02 	2.19133E07 	2.0000 	0.0014 	-0.1801
2 	0.0 	2.0 	0.0 	5.90000E-02 	1.85483E07 	2.0000 	0.0010 	-0.1746
2 	0.0 	2.0 	0.0 	7.65000E-02 	1.49402E07 	2.0000 	0.0008 	-0.1721
2 	0.0 	2.0 	0.0 	1.00000E-01 	1.11819E07 	2.0000 	0.0006 	-0.1733
2 	0.0 	2.0 	0.0 	1.32000E-01 	7.54505E06 	2.0000 	0.0005 	-0.1802
2 	0.0 	2.0 	0.0 	1.75500E-01 	4.42672E06 	2.0000 	0.0004 	-0.1957
2 	0.0 	2.0 	0.0 	2.34000E-01 	2.16765E06 	2.0000 	0.0004 	-0.2256
2 	0.0 	2.0 	0.0 	3.13000E-01 	8.32040E05 	2.0000 	0.0005 	-0.2817
2 	0.0 	2.0 	0.0 	4.20500E-01 	2.28708E05 	2.0000 	0.0007 	-0.3927
2 	0.0 	2.0 	0.0 	5.66500E-01 	4.02790E04 	2.0000 	0.0014 	-0.6343
2 	0.0 	2.0 	0.0 	7.64500E-01 	3.94737E03 	2.0000 	0.0041 	-1.2451
2 	0.0 	2.0 	0.0 	1.03300E00 	2.37662E01 	2.0000 	0.0742 	-6.1906
3 	0.0 	3.0 	0.0 	7.50000E-03 	3.58276E07 	3.0000 	0.0207 	-0.2788
3 	0.0 	3.0 	0.0 	1.00000E-02 	3.40038E07 	3.0000 	0.0133 	-0.2578
3 	0.0 	3.0 	0.0 	1.30000E-02 	3.31190E07 	3.0000 	0.0087 	-0.2383
3 	0.0 	3.0 	0.0 	1.65000E-02 	3.12688E07 	3.0000 	0.0061 	-0.2243
3 	0.0 	3.0 	0.0 	2.10000E-02 	2.95077E07 	3.0000 	0.0042 	-0.2110
3 	0.0 	3.0 	0.0 	2.70000E-02 	2.75158E07 	3.0000 	0.0029 	-0.1987
3 	0.0 	3.0 	0.0 	3.50000E-02 	2.49311E07 	3.0000 	0.0020 	-0.1883
3 	0.0 	3.0 	0.0 	4.55000E-02 	2.18745E07 	3.0000 	0.0014 	-0.1802
3 	0.0 	3.0 	0.0 	5.90000E-02 	1.85149E07 	3.0000 	0.0010 	-0.1747
3 	0.0 	3.0 	0.0 	7.65000E-02 	1.49131E07 	3.0000 	0.0008 	-0.1722
3 	0.0 	3.0 	0.0 	1.00000E-01 	1.11613E07 	3.0000 	0.0006 	-0.1735
3 	0.0 	3.0 	0.0 	1.32000E-01 	7.53102E06 	3.0000 	0.0005 	-0.1803
3 	0.0 	3.0 	0.0 	1.75500E-01 	4.41846E06 	3.0000 	0.0004 	-0.1958
3 	0.0 	3.0 	0.0 	2.34000E-01 	2.16336E06 	3.0000 	0.0004 	-0.2258
3 	0.0 	3.0 	0.0 	3.13000E-01 	8.30362E05 	3.0000 	0.0005 	-0.2819
3 	0.0 	3.0 	0.0 	4.20500E-01 	2.28175E05 	3.0000 	0.0007 	-0.3930
3 	0.0 	3.0 	0.0 	5.66500E-01 	3.99758E04 	3.0000 	0.0014 	-0.6359
3 	0.0 	3.0 	0.0 	7.64500E-01 	3.86102E03 	3.0000 	0.0041 	-1.2543
3 	0.0 	3.0 	0.0 	1.03300E00 	6.42193E01 	3.0000 	0.0382 	-4.4446
4 	0.0 	4.0 	0.0 	7.50000E-03 	3.55140E07 	4.0000 	0.0209 	-0.2796
4 	0.0 	4.0 	0.0 	1.00000E-02 	3.41467E07 	4.0000 	0.0133 	-0.2574
4 	0.0 	4.0 	0.0 	1.30000E-02 	3.34146E07 	4.0000 	0.0087 	-0.2376
4 	0.0 	4.0 	0.0 	1.65000E-02 	3.14598E07 	4.0000 	0.0061 	-0.2239
4 	0.0 	4.0 	0.0 	2.10000E-02 	2.96942E07 	4.0000 	0.0042 	-0.2106
4 	0.0 	4.0 	0.0 	2.70000E-02 	2.76855E07 	4.0000 	0.0029 	-0.1983
4 	0.0 	4.0 	0.0 	3.50000E-02 	2.50926E07 	4.0000 	0.0020 	-0.1879
4 	0.0 	4.0 	0.0 	4.55000E-02 	2.20156E07 	4.0000 	0.0014 	-0.1798
4 	0.0 	4.0 	0.0 	5.90000E-02 	1.86359E07 	4.0000 	0.0010 	-0.1743
4 	0.0 	4.0 	0.0 	7.65000E-02 	1.50116E07 	4.0000 	0.0008 	-0.1718
4 	0.0 	4.0 	0.0 	1.00000E-01 	1.12363E07 	4.0000 	0.0006 	-0.1731
4 	0.0 	4.0 	0.0 	1.32000E-01 	7.58288E06 	4.0000 	0.0005 	-0.1799
4 	0.0 	4.0 	0.0 	1.75500E-01 	4.45052E06 	4.0000 	0.0004 	-0.1954
4 	0.0 	4.0 	0.0 	2.34000E-01 	2.18002E06 	4.0000 	0.0004 	-0.2252
4 	0.0 	4.0 	0.0 	3.13000E-01 	8.37304E05 	4.0000 	0.0005 	-0.2812
4 	0.0 	4.0 	0.0 	4.20500E-01 	2.30427E05 	4.0000 	0.0007 	-0.3917
4 	0.0 	4.0 	0.0 	5.66500E-01 	4.03832E04 	4.0000 	0.0014 	-0.6338
4 	0.0 	4.0 	0.0 	7.64500E-01 	3.78427E03 	4.0000 	0.0042 	-1.2627
4 	0.0 	4.0 	0.0 	1.03300E00 	1.14280E02 	4.0000 	0.0260 	-3.6677
5 	0.0 	5.0 	0.0 	7.50000E-03 	3.59732E07 	5.0000 	0.0207 	-0.2784
5 	0.0 	5.0 	0.0 	1.00000E-02 	3.41605E07 	5.0000 	0.0132 	-0.2574
5 	0.0 	5.0 	0.0 	1.30000E-02 	3.32968E07 	5.0000 	0.0087 	-0.2379
5 	0.0 	5.0 	0.0 	1.65000E-02 	3.14196E07 	5.0000 	0.0061 	-0.2240
5 	0.0 	5.0 	0.0 	2.10000E-02 	2.96462E07 	5.0000 	0.0042 	-0.2107
5 	0.0 	5.0 	0.0 	2.70000E-02 	2.76451E07 	5.0000 	0.0029 	-0.1983
5 	0.0 	5.0 	0.0 	3.50000E-02 	2.50482E07 	5.0000 	0.0020 	-0.1880
5 	0.0 	5.0 	0.0 	4.55000E-02 	2.19759E07 	5.0000 	0.0014 	-0.1799
5 	0.0 	5.0 	0.0 	5.90000E-02 	1.85999E07 	5.0000 	0.0010 	-0.1744
5 	0.0 	5.0 	0.0 	7.65000E-02 	1.49808E07 	5.0000 	0.0008 	-0.1719
5 	0.0 	5.0 	0.0 	1.00000E-01 	1.12111E07 	5.0000 	0.0006 	-0.1732
5 	0.0 	5.0 	0.0 	1.32000E-01 	7.56405E06 	5.0000 	0.0005 	-0.1800
5 	0.0 	5.0 	0.0 	1.75500E-01 	4.43741E06 	5.0000 	0.0004 	-0.1956
5 	0.0 	5.0 	0.0 	2.34000E-01 	2.17222E06 	5.0000 	0.0004 	-0.2254
5 	0.0 	5.0 	0.0 	3.13000E-01 	8.33659E05 	5.0000 	0.0005 	-0.2816
5 	0.0 	5.0 	0.0 	4.20500E-01 	2.28905E05 	5.0000 	0.0007 	-0.3926
5 	0.0 	5.0 	0.0 	5.66500E-01 	4.03218E04 	5.0000 	0.0014 	-0.6341
5 	0.0 	5.0 	0.0 	7.64500E-01 	3.87541E03 	5.0000 	0.0041 	-1.2527
5 	0.0 	5.0 	0.0 	1.03300E00 	1.23888E02 	5.0000 	0.0247 	-3.5703
6 	0.0 	6.0 	0.0 	7.50000E-03 	3.55276E07 	6.0000 	0.0208 	-0.2796
6 	0.0 	6.0 	0.0 	1.00000E-02 	3.40598E07 	6.0000 	0.0133 	-0.2576
6 	0.0 	6.0 	0.0 	1.30000E-02 	3.34016E07 	6.0000 	0.0087 	-0.2376
6 	0.0 	6.0 	0.0 	1.65000E-02 	3.14548E07 	6.0000 	0.0061 	-0.2239
6 	0.0 	6.0 	0.0 	2.10000E-02 	2.96583E07 	6.0000 	0.0042 	-0.2107
6 	0.0 	6.0 	0.0 	2.70000E-02 	2.76798E07 	6.0000 	0.0029 	-0.1983
6 	0.0 	6.0 	0.0 	3.50000E-02 	2.50778E07 	6.0000 	0.0020 	-0.1879
6 	0.0 	6.0 	0.0 	4.55000E-02 	2.20038E07 	6.0000 	0.0014 	-0.1799
6 	0.0 	6.0 	0.0 	5.90000E-02 	1.86254E07 	6.0000 	0.0010 	-0.1744
6 	0.0 	6.0 	0.0 	7.65000E-02 	1.50031E07 	6.0000 	0.0008 	-0.1718
6 	0.0 	6.0 	0.0 	1.00000E-01 	1.12302E07 	6.0000 	0.0006 	-0.1731
6 	0.0 	6.0 	0.0 	1.32000E-01 	7.57791E06 	6.0000 	0.0005 	-0.1799
6 	0.0 	6.0 	0.0 	1.75500E-01 	4.44707E06 	6.0000 	0.0004 	-0.1954
6 	0.0 	6.0 	0.0 	2.34000E-01 	2.17774E06 	6.0000 	0.0004 	-0.2253
6 	0.0 	6.0 	0.0 	3.13000E-01 	8.36303E05 	6.0000 	0.0005 	-0.2813
6 	0.0 	6.0 	0.0 	4.20500E-01 	2.29933E05 	6.0000 	0.0007 	-0.3920
6 	0.0 	6.0 	0.0 	5.66500E-01 	4.02818E04 	6.0000 	0.0014 	-0.6343
6 	0.0 	6.0 	0.0 	7.64500E-01 	3.86924E03 	6.0000 	0.0041 	-1.2534
6 	0.0 	6.0 	0.0 	1.03300E00 	1.52205E02 	6.0000 	0.0215 	-3.3336
7 	0.0 	7.0 	0.0 	7.50000E-03 	3.56242E07 	7.0000 	0.0208 	-0.2794
7 	0.0 	7.0 	0.0 	1.00000E-02 	3.41038E07 	7.0000 	0.0133 	-0.2575
7 	0.0 	7.0 	0.0 	1.30000E-02 	3.34298E07 	7.0000 	0.0087 	-0.2375
7 	0.0 	7.0 	0.0 	1.65000E-02 	3.14768E07 	7.0000 	0.0061 	-0.2238
7 	0.0 	7.0 	0.0 	2.10000E-02 	2.96835E07 	7.0000 	0.0042 	-0.2106
7 	0.0 	7.0 	0.0 	2.70000E-02 	2.77045E07 	7.0000 	0.0029 	-0.1982
7 	0.0 	7.0 	0.0 	3.50000E-02 	2.50995E07 	7.0000 	0.0020 	-0.1879
7 	0.0 	7.0 	0.0 	4.55000E-02 	2.20218E07 	7.0000 	0.0014 	-0.1798
7 	0.0 	7.0 	0.0 	5.90000E-02 	1.86410E07 	7.0000 	0.0010 	-0.1743
7 	0.0 	7.0 	0.0 	7.65000E-02 	1.50163E07 	7.0000 	0.0008 	-0.1718
7 	0.0 	7.0 	0.0 	1.00000E-01 	1.12397E07 	7.0000 	0.0006 	-0.1730
7 	0.0 	7.0 	0.0 	1.32000E-01 	7.58477E06 	7.0000 	0.0005 	-0.1799
7 	0.0 	7.0 	0.0 	1.75500E-01 	4.45128E06 	7.0000 	0.0004 	-0.1954
7 	0.0 	7.0 	0.0 	2.34000E-01 	2.17990E06 	7.0000 	0.0004 	-0.2252
7 	0.0 	7.0 	0.0 	3.13000E-01 	8.36932E05 	7.0000 	0.0005 	-0.2812
7 	0.0 	7.0 	0.0 	4.20500E-01 	2.30108E05 	7.0000 	0.0007 	-0.3919
7 	0.0 	7.0 	0.0 	5.66500E-01 	4.05608E04 	7.0000 	0.0014 	-0.6329
7 	0.0 	7.0 	0.0 	7.64500E-01 	3.97821E03 	7.0000 	0.0040 	-1.2418
7 	0.0 	7.0 	0.0 	1.03300E00 	1.01638E02 	7.0000 	0.0282 	-3.8139
8 	0.0 	8.0 	0.0 	7.50000E-03 	3.59148E07 	8.0000 	0.0207 	-0.2786
8 	0.0 	8.0 	0.0 	1.00000E-02 	3.43020E07 	8.0000 	0.0132 	-0.2570
8 	0.0 	8.0 	0.0 	1.30000E-02 	3.35551E07 	8.0000 	0.0087 	-0.2372
8 	0.0 	8.0 	0.0 	1.65000E-02 	3.16082E07 	8.0000 	0.0061 	-0.2235
8 	0.0 	8.0 	0.0 	2.10000E-02 	2.98097E07 	8.0000 	0.0042 	-0.2103
8 	0.0 	8.0 	0.0 	2.70000E-02 	2.78201E07 	8.0000 	0.0029 	-0.1979
8 	0.0 	8.0 	0.0 	3.50000E-02 	2.52031E07 	8.0000 	0.0020 	-0.1876
8 	0.0 	8.0 	0.0 	4.55000E-02 	2.21113E07 	8.0000 	0.0014 	-0.1796
8 	0.0 	8.0 	0.0 	5.90000E-02 	1.87161E07 	8.0000 	0.0010 	-0.1741
8 	0.0 	8.0 	0.0 	7.65000E-02 	1.50742E07 	8.0000 	0.0008 	-0.1716
8 	0.0 	8.0 	0.0 	1.00000E-01 	1.12820E07 	8.0000 	0.0006 	-0.1728
8 	0.0 	8.0 	0.0 	1.32000E-01 	7.61219E06 	8.0000 	0.0005 	-0.1796
8 	0.0 	8.0 	0.0 	1.75500E-01 	4.46618E06 	8.0000 	0.0004 	-0.1951
8 	0.0 	8.0 	0.0 	2.34000E-01 	2.18645E06 	8.0000 	0.0004 	-0.2250
8 	0.0 	8.0 	0.0 	3.13000E-01 	8.39311E05 	8.0000 	0.0005 	-0.2809
8 	0.0 	8.0 	0.0 	4.20500E-01 	2.30716E05 	8.0000 	0.0007 	-0.3916
8 	0.0 	8.0 	0.0 	5.66500E-01 	4.05376E04 	8.0000 	0.0014 	-0.6330
8 	0.0 	8.0 	0.0 	7.64500E-01 	3.82196E03 	8.0000 	0.0041 	-1.2585
8 	0.0 	8.0 	0.0 	1.03300E00 	5.36003E01 	8.0000 	0.0431 	-4.7206
9 	0.0 	9.0 	0.0 	7.50000E-03 	3.57727E07 	9.0000 	0.0208 	-0.2790
9 	0.0 	9.0 	0.0 	1.00000E-02 	3.42381E07 	9.0000 	0.0132 	-0.2572
9 	0.0 	9.0 	0.0 	1.30000E-02 	3.35436E07 	9.0000 	0.0087 	-0.2373
9 	0.0 	9.0 	0.0 	1.65000E-02 	3.15885E07 	9.0000 	0.0061 	-0.2236
9 	0.0 	9.0 	0.0 	2.10000E-02 	2.97884E07 	9.0000 	0.0042 	-0.2104
9 	0.0 	9.0 	0.0 	2.70000E-02 	2.78007E07 	9.0000 	0.0029 	-0.1980
9 	0.0 	9.0 	0.0 	3.50000E-02 	2.51862E07 	9.0000 	0.0020 	-0.1876
9 	0.0 	9.0 	0.0 	4.55000E-02 	2.20964E07 	9.0000 	0.0014 	-0.1796
9 	0.0 	9.0 	0.0 	5.90000E-02 	1.87044E07 	9.0000 	0.0010 	-0.1741
9 	0.0 	9.0 	0.0 	7.65000E-02 	1.50653E07 	9.0000 	0.0008 	-0.1716
9 	0.0 	9.0 	0.0 	1.00000E-01 	1.12757E07 	9.0000 	0.0006 	-0.1729
9 	0.0 	9.0 	0.0 	1.32000E-01 	7.60820E06 	9.0000 	0.0005 	-0.1797
9 	0.0 	9.0 	0.0 	1.75500E-01 	4.46392E06 	9.0000 	0.0004 	-0.1952
9 	0.0 	9.0 	0.0 	2.34000E-01 	2.18590E06 	9.0000 	0.0004 	-0.2250
9 	0.0 	9.0 	0.0 	3.13000E-01 	8.39038E05 	9.0000 	0.0005 	-0.2810
9 	0.0 	9.0 	0.0 	4.20500E-01 	2.30682E05 	9.0000 	0.0007 	-0.3916
9 	0.0 	9.0 	0.0 	5.66500E-01 	4.07003E04 	9.0000 	0.0014 	-0.6321
9 	0.0 	9.0 	0.0 	7.64500E-01 	3.98095E03 	9.0000 	0.0040 	-1.2416
9 	0.0 	9.0 	0.0 	1.03300E00 	1.56756E01 	9.0000 	0.0979 	-7.1118
10 	0.0 	10.0 	0.0 	7.50000E-03 	3.60469E07 	10.0000 	0.0206 	-0.2783
10 	0.0 	10.0 	0.0 	1.00000E-02 	3.43594E07 	10.0000 	0.0132 	-0.2569
10 	0.0 	10.0 	0.0 	1.30000E-02 	3.36225E07 	10.0000 	0.0086 	-0.2371
10 	0.0 	10.0 	0.0 	1.65000E-02 	3.16745E07 	10.0000 	0.0060 	-0.2234
10 	0.0 	10.0 	0.0 	2.10000E-02 	2.98674E07 	10.0000 	0.0042 	-0.2102
10 	0.0 	10.0 	0.0 	2.70000E-02 	2.78742E07 	10.0000 	0.0029 	-0.1978
10 	0.0 	10.0 	0.0 	3.50000E-02 	2.52552E07 	10.0000 	0.0020 	-0.1875
10 	0.0 	10.0 	0.0 	4.55000E-02 	2.21578E07 	10.0000 	0.0014 	-0.1794
10 	0.0 	10.0 	0.0 	5.90000E-02 	1.87568E07 	10.0000 	0.0010 	-0.1739
10 	0.0 	10.0 	0.0 	7.65000E-02 	1.51094E07 	10.0000 	0.0008 	-0.1714
10 	0.0 	10.0 	0.0 	1.00000E-01 	1.13097E07 	10.0000 	0.0006 	-0.1727
10 	0.0 	10.0 	0.0 	1.32000E-01 	7.63255E06 	10.0000 	0.0005 	-0.1795
10 	0.0 	10.0 	0.0 	1.75500E-01 	4.47964E06 	10.0000 	0.0004 	-0.1949
10 	0.0 	10.0 	0.0 	2.34000E-01 	2.19432E06 	10.0000 	0.0004 	-0.2247
10 	0.0 	10.0 	0.0 	3.13000E-01 	8.42632E05 	10.0000 	0.0005 	-0.2806
10 	0.0 	10.0 	0.0 	4.20500E-01 	2.31692E05 	10.0000 	0.0007 	-0.3910
10 	0.0 	10.0 	0.0 	5.66500E-01 	4.07096E04 	10.0000 	0.0014 	-0.6321
10 	0.0 	10.0 	0.0 	7.64500E-01 	3.79523E03 	10.0000 	0.0042 	-1.2615
10 	0.0 	10.0 	0.0 	1.03300E00 	2.41707E02 	10.0000 	0.0158 	-2.8573
11 	0.0 	11.0 	0.0 	7.50000E-03 	3.56218E07 	11.0000 	0.0208 	-0.2794
11 	0.0 	11.0 	0.0 	1.00000E-02 	3.42148E07 	11.0000 	0.0132 	-0.2572
11 	0.0 	11.0 	0.0 	1.30000E-02 	3.35708E07 	11.0000 	0.0087 	-0.2372
11 	0.0 	11.0 	0.0 	1.65000E-02 	3.16087E07 	11.0000 	0.0061 	-0.2235
11 	0.0 	11.0 	0.0 	2.10000E-02 	2.98253E07 	11.0000 	0.0042 	-0.2103
11 	0.0 	11.0 	0.0 	2.70000E-02 	2.78088E07 	11.0000 	0.0029 	-0.1980
11 	0.0 	11.0 	0.0 	3.50000E-02 	2.52050E07 	11.0000 	0.0020 	-0.1876
11 	0.0 	11.0 	0.0 	4.55000E-02 	2.21116E07 	11.0000 	0.0014 	-0.1796
11 	0.0 	11.0 	0.0 	5.90000E-02 	1.87157E07 	11.0000 	0.0010 	-0.1741
11 	0.0 	11.0 	0.0 	7.65000E-02 	1.50740E07 	11.0000 	0.0008 	-0.1716
11 	0.0 	11.0 	0.0 	1.00000E-01 	1.12808E07 	11.0000 	0.0006 	-0.1728
11 	0.0 	11.0 	0.0 	1.32000E-01 	7.61103E06 	11.0000 	0.0005 	-0.1796
11 	0.0 	11.0 	0.0 	1.75500E-01 	4.46505E06 	11.0000 	0.0004 	-0.1952
11 	0.0 	11.0 	0.0 	2.34000E-01 	2.18626E06 	11.0000 	0.0004 	-0.2250
11 	0.0 	11.0 	0.0 	3.13000E-01 	8.38680E05 	11.0000 	0.0005 	-0.2810
11 	0.0 	11.0 	0.0 	4.20500E-01 	2.30494E05 	11.0000 	0.0007 	-0.3917
11 	0.0 	11.0 	0.0 	5.66500E-01 	4.06399E04 	11.0000 	0.0014 	-0.6325
11 	0.0 	11.0 	0.0 	7.64500E-01 	3.90145E03 	11.0000 	0.0041 	-1.2499
11 	0.0 	11.0 	0.0 	1.03300E00 	8.74798E01 	11.0000 	0.0311 	-4.0094
12 	0.0 	12.0 	0.0 	7.50000E-03 	3.57216E07 	12.0000 	0.0208 	-0.2791
12 	0.0 	12.0 	0.0 	1.00000E-02 	3.43878E07 	12.0000 	0.0132 	-0.2568
12 	0.0 	12.0 	0.0 	1.30000E-02 	3.37714E07 	12.0000 	0.0086 	-0.2367
12 	0.0 	12.0 	0.0 	1.65000E-02 	3.17609E07 	12.0000 	0.0060 	-0.2232
12 	0.0 	12.0 	0.0 	2.10000E-02 	2.99717E07 	12.0000 	0.0042 	-0.2099
12 	0.0 	12.0 	0.0 	2.70000E-02 	2.79405E07 	12.0000 	0.0029 	-0.1976
12 	0.0 	12.0 	0.0 	3.50000E-02 	2.53306E07 	12.0000 	0.0020 	-0.1873
12 	0.0 	12.0 	0.0 	4.55000E-02 	2.22207E07 	12.0000 	0.0014 	-0.1793
12 	0.0 	12.0 	0.0 	5.90000E-02 	1.88073E07 	12.0000 	0.0010 	-0.1738
12 	0.0 	12.0 	0.0 	7.65000E-02 	1.51477E07 	12.0000 	0.0008 	-0.1713
12 	0.0 	12.0 	0.0 	1.00000E-01 	1.13359E07 	12.0000 	0.0006 	-0.1726
12 	0.0 	12.0 	0.0 	1.32000E-01 	7.64807E06 	12.0000 	0.0005 	-0.1794
12 	0.0 	12.0 	0.0 	1.75500E-01 	4.48643E06 	12.0000 	0.0004 	-0.1948
12 	0.0 	12.0 	0.0 	2.34000E-01 	2.19650E06 	12.0000 	0.0004 	-0.2246
12 	0.0 	12.0 	0.0 	3.13000E-01 	8.42754E05 	12.0000 	0.0005 	-0.2805
12 	0.0 	12.0 	0.0 	4.20500E-01 	2.31656E05 	12.0000 	0.0007 	-0.3910
12 	0.0 	12.0 	0.0 	5.66500E-01 	4.06250E04 	12.0000 	0.0014 	-0.6325
12 	0.0 	12.0 	0.0 	7.64500E-01 	3.96176E03 	12.0000 	0.0040 	-1.2436
12 	0.0 	12.0 	0.0 	1.03300E00 	5.46117E01 	12.0000 	0.0426 	-4.6913
13 	0.0 	13.0 	0.0 	7.50000E-03 	3.57322E07 	13.0000 	0.0208 	-0.2791
13 	0.0 	13.0 	0.0 	1.00000E-02 	3.43766E07 	13.0000 	0.0132 	-0.2568
13 	0.0 	13.0 	0.0 	1.30000E-02 	3.37528E07 	13.0000 	0.0086 	-0.2368
13 	0.0 	13.0 	0.0 	1.65000E-02 	3.17691E07 	13.0000 	0.0060 	-0.2231
13 	0.0 	13.0 	0.0 	2.10000E-02 	2.99791E07 	13.0000 	0.0042 	-0.2099
13 	0.0 	13.0 	0.0 	2.70000E-02 	2.79518E07 	13.0000 	0.0029 	-0.1976
13 	0.0 	13.0 	0.0 	3.50000E-02 	2.53366E07 	13.0000 	0.0020 	-0.1873
13 	0.0 	13.0 	0.0 	4.55000E-02 	2.22264E07 	13.0000 	0.0014 	-0.1792
13 	0.0 	13.0 	0.0 	5.90000E-02 	1.88129E07 	13.0000 	0.0010 	-0.1738
13 	0.0 	13.0 	0.0 	7.65000E-02 	1.51519E07 	13.0000 	0.0008 	-0.1713
13 	0.0 	13.0 	0.0 	1.00000E-01 	1.13393E07 	13.0000 	0.0006 	-0.1725
13 	0.0 	13.0 	0.0 	1.32000E-01 	7.65046E06 	13.0000 	0.0005 	-0.1793
13 	0.0 	13.0 	0.0 	1.75500E-01 	4.48813E06 	13.0000 	0.0004 	-0.1948
13 	0.0 	13.0 	0.0 	2.34000E-01 	2.19720E06 	13.0000 	0.0004 	-0.2246
13 	0.0 	13.0 	0.0 	3.13000E-01 	8.43190E05 	13.0000 	0.0005 	-0.2805
13 	0.0 	13.0 	0.0 	4.20500E-01 	2.31704E05 	13.0000 	0.0007 	-0.3910
13 	0.0 	13.0 	0.0 	5.66500E-01 	4.06110E04 	13.0000 	0.0014 	-0.6326
13 	0.0 	13.0 	0.0 	7.64500E-01 	3.91379E03 	13.0000 	0.0041 	-1.2486
13 	0.0 	13.0 	0.0 	1.03300E00 	9.80987E01 	13.0000 	0.0288 	-3.8592
14 	0.0 	14.0 	0.0 	7.50000E-03 	3.58949E07 	14.0000 	0.0207 	-0.2786
14 	0.0 	14.0 	0.0 	1.00000E-02 	3.45323E07 	14.0000 	0.0132 	-0.2565
14 	0.0 	14.0 	0.0 	1.30000E-02 	3.38997E07 	14.0000 	0.0086 	-0.2364
14 	0.0 	14.0 	0.0 	1.65000E-02 	3.19045E07 	14.0000 	0.0060 	-0.2228
14 	0.0 	14.0 	0.0 	2.10000E-02 	3.01065E07 	14.0000 	0.0042 	-0.2096
14 	0.0 	14.0 	0.0 	2.70000E-02 	2.80684E07 	14.0000 	0.0029 	-0.1973
14 	0.0 	14.0 	0.0 	3.50000E-02 	2.54403E07 	14.0000 	0.0020 	-0.1870
14 	0.0 	14.0 	0.0 	4.55000E-02 	2.23172E07 	14.0000 	0.0014 	-0.1790
14 	0.0 	14.0 	0.0 	5.90000E-02 	1.88881E07 	14.0000 	0.0010 	-0.1735
14 	0.0 	14.0 	0.0 	7.65000E-02 	1.52105E07 	14.0000 	0.0008 	-0.1711
14 	0.0 	14.0 	0.0 	1.00000E-01 	1.13814E07 	14.0000 	0.0006 	-0.1723
14 	0.0 	14.0 	0.0 	1.32000E-01 	7.67731E06 	14.0000 	0.0005 	-0.1791
14 	0.0 	14.0 	0.0 	1.75500E-01 	4.50284E06 	14.0000 	0.0004 	-0.1946
14 	0.0 	14.0 	0.0 	2.34000E-01 	2.20338E06 	14.0000 	0.0004 	-0.2244
14 	0.0 	14.0 	0.0 	3.13000E-01 	8.45105E05 	14.0000 	0.0005 	-0.2803
14 	0.0 	14.0 	0.0 	4.20500E-01 	2.32012E05 	14.0000 	0.0007 	-0.3908
14 	0.0 	14.0 	0.0 	5.66500E-01 	4.07013E04 	14.0000 	0.0014 	-0.6321
14 	0.0 	14.0 	0.0 	7.64500E-01 	4.08512E03 	14.0000 	0.0040 	-1.2309
14 	0.0 	14.0 	0.0 	1.03300E00 	1.18325E02 	14.0000 	0.0254 	-3.6254
15 	0.0 	15.0 	0.0 	7.50000E-03 	3.58602E07 	15.0000 	0.0207 	-0.2787
15 	0.0 	15.0 	0.0 	1.00000E-02 	3.44916E07 	15.0000 	0.0132 	-0.2566
15 	0.0 	15.0 	0.0 	1.30000E-02 	3.38610E07 	15.0000 	0.0086 	-0.2365
15 	0.0 	15.0 	0.0 	1.65000E-02 	3.18639E07 	15.0000 	0.0060 	-0.2229
15 	0.0 	15.0 	0.0 	2.10000E-02 	3.00748E07 	15.0000 	0.0042 	-0.2097
15 	0.0 	15.0 	0.0 	2.70000E-02 	2.80308E07 	15.0000 	0.0029 	-0.1974
15 	0.0 	15.0 	0.0 	3.50000E-02 	2.54102E07 	15.0000 	0.0020 	-0.1871
15 	0.0 	15.0 	0.0 	4.55000E-02 	2.22889E07 	15.0000 	0.0014 	-0.1791
15 	0.0 	15.0 	0.0 	5.90000E-02 	1.88635E07 	15.0000 	0.0010 	-0.1736
15 	0.0 	15.0 	0.0 	7.65000E-02 	1.51909E07 	15.0000 	0.0008 	-0.1711
15 	0.0 	15.0 	0.0 	1.00000E-01 	1.13662E07 	15.0000 	0.0006 	-0.1724
15 	0.0 	15.0 	0.0 	1.32000E-01 	7.66685E06 	15.0000 	0.0005 	-0.1792
15 	0.0 	15.0 	0.0 	1.75500E-01 	4.49632E06 	15.0000 	0.0004 	-0.1947
15 	0.0 	15.0 	0.0 	2.34000E-01 	2.19990E06 	15.0000 	0.0004 	-0.2245
15 	0.0 	15.0 	0.0 	3.13000E-01 	8.43592E05 	15.0000 	0.0005 	-0.2805
15 	0.0 	15.0 	0.0 	4.20500E-01 	2.31471E05 	15.0000 	0.0007 	-0.3911
15 	0.0 	15.0 	0.0 	5.66500E-01 	4.07850E04 	15.0000 	0.0014 	-0.6317
15 	0.0 	15.0 	0.0 	7.64500E-01 	3.86856E03 	15.0000 	0.0041 	-1.2535
15 	0.0 	15.0 	0.0 	1.03300E00 	9.35477E01 	15.0000 	0.0298 	-3.9208
16 	0.0 	16.0 	0.0 	7.50000E-03 	3.59093E07 	16.0000 	0.0207 	-0.2786
16 	0.0 	16.0 	0.0 	1.00000E-02 	3.45412E07 	16.0000 	0.0132 	-0.2564
16 	0.0 	16.0 	0.0 	1.30000E-02 	3.38951E07 	16.0000 	0.0086 	-0.2364
16 	0.0 	16.0 	0.0 	1.65000E-02 	3.19119E07 	16.0000 	0.0060 	-0.2228
16 	0.0 	16.0 	0.0 	2.10000E-02 	3.01312E07 	16.0000 	0.0042 	-0.2096
16 	0.0 	16.0 	0.0 	2.70000E-02 	2.80779E07 	16.0000 	0.0029 	-0.1973
16 	0.0 	16.0 	0.0 	3.50000E-02 	2.54589E07 	16.0000 	0.0020 	-0.1870
16 	0.0 	16.0 	0.0 	4.55000E-02 	2.23368E07 	16.0000 	0.0014 	-0.1790
16 	0.0 	16.0 	0.0 	5.90000E-02 	1.89080E07 	16.0000 	0.0010 	-0.1735
16 	0.0 	16.0 	0.0 	7.65000E-02 	1.52318E07 	16.0000 	0.0008 	-0.1710
16 	0.0 	16.0 	0.0 	1.00000E-01 	1.14019E07 	16.0000 	0.0006 	-0.1722
16 	0.0 	16.0 	0.0 	1.32000E-01 	7.69550E06 	16.0000 	0.0005 	-0.1790
16 	0.0 	16.0 	0.0 	1.75500E-01 	4.51643E06 	16.0000 	0.0004 	-0.1944
16 	0.0 	16.0 	0.0 	2.34000E-01 	2.21218E06 	16.0000 	0.0004 	-0.2241
16 	0.0 	16.0 	0.0 	3.13000E-01 	8.49468E05 	16.0000 	0.0005 	-0.2798
16 	0.0 	16.0 	0.0 	4.20500E-01 	2.33625E05 	16.0000 	0.0007 	-0.3899
16 	0.0 	16.0 	0.0 	5.66500E-01 	4.13542E04 	16.0000 	0.0014 	-0.6288
16 	0.0 	16.0 	0.0 	7.64500E-01 	4.00219E03 	16.0000 	0.0040 	-1.2393
16 	0.0 	16.0 	0.0 	1.03300E00 	2.41707E02 	16.0000 	0.0158 	-2.8573
17 	0.0 	17.0 	0.0 	7.50000E-03 	3.58327E07 	17.0000 	0.0207 	-0.2788
17 	0.0 	17.0 	0.0 	1.00000E-02 	3.44919E07 	17.0000 	0.0132 	-0.2566
17 	0.0 	17.0 	0.0 	1.30000E-02 	3.38935E07 	17.0000 	0.0086 	-0.2364
17 	0.0 	17.0 	0.0 	1.65000E-02 	3.18691E07 	17.0000 	0.0060 	-0.2229
17 	0.0 	17.0 	0.0 	2.10000E-02 	3.00849E07 	17.0000 	0.0042 	-0.2097
17 	0.0 	17.0 	0.0 	2.70000E-02 	2.80356E07 	17.0000 	0.0029 	-0.1974
17 	0.0 	17.0 	0.0 	3.50000E-02 	2.54205E07 	17.0000 	0.0020 	-0.1871
17 	0.0 	17.0 	0.0 	4.55000E-02 	2.22971E07 	17.0000 	0.0014 	-0.1791
17 	0.0 	17.0 	0.0 	5.90000E-02 	1.88715E07 	17.0000 	0.0010 	-0.1736
17 	0.0 	17.0 	0.0 	7.65000E-02 	1.51980E07 	17.0000 	0.0008 	-0.1711
17 	0.0 	17.0 	0.0 	1.00000E-01 	1.13723E07 	17.0000 	0.0006 	-0.1724
17 	0.0 	17.0 	0.0 	1.32000E-01 	7.67149E06 	17.0000 	0.0005 	-0.1792
17 	0.0 	17.0 	0.0 	1.75500E-01 	4.49970E06 	17.0000 	0.0004 	-0.1947
17 	0.0 	17.0 	0.0 	2.34000E-01 	2.20214E06 	17.0000 	0.0004 	-0.2244
17 	0.0 	17.0 	0.0 	3.13000E-01 	8.44686E05 	17.0000 	0.0005 	-0.2803
17 	0.0 	17.0 	0.0 	4.20500E-01 	2.31956E05 	17.0000 	0.0007 	-0.3909
17 	0.0 	17.0 	0.0 	5.66500E-01 	4.06176E04 	17.0000 	0.0014 	-0.6326
17 	0.0 	17.0 	0.0 	7.64500E-01 	3.83498E03 	17.0000 	0.0041 	-1.2571
17 	0.0 	17.0 	0.0 	1.03300E00 	9.60761E00 	17.0000 	0.1357 	-8.3723
18 	0.0 	18.0 	0.0 	7.50000E-03 	3.61060E07 	18.0000 	0.0206 	-0.2781
18 	0.0 	18.0 	0.0 	1.00000E-02 	3.47055E07 	18.0000 	0.0131 	-0.2560
18 	0.0 	18.0 	0.0 	1.30000E-02 	3.39990E07 	18.0000 	0.0086 	-0.2362
18 	0.0 	18.0 	0.0 	1.65000E-02 	3.19961E07 	18.0000 	0.0060 	-0.2226
18 	0.0 	18.0 	0.0 	2.10000E-02 	3.02133E07 	18.0000 	0.0042 	-0.2094
18 	0.0 	18.0 	0.0 	2.70000E-02 	2.81452E07 	18.0000 	0.0029 	-0.1972
18 	0.0 	18.0 	0.0 	3.50000E-02 	2.55203E07 	18.0000 	0.0020 	-0.1868
18 	0.0 	18.0 	0.0 	4.55000E-02 	2.23861E07 	18.0000 	0.0014 	-0.1788
18 	0.0 	18.0 	0.0 	5.90000E-02 	1.89467E07 	18.0000 	0.0010 	-0.1734
18 	0.0 	18.0 	0.0 	7.65000E-02 	1.52594E07 	18.0000 	0.0008 	-0.1709
18 	0.0 	18.0 	0.0 	1.00000E-01 	1.14187E07 	18.0000 	0.0006 	-0.1721
18 	0.0 	18.0 	0.0 	1.32000E-01 	7.70309E06 	18.0000 	0.0005 	-0.1789
18 	0.0 	18.0 	0.0 	1.75500E-01 	4.51832E06 	18.0000 	0.0004 	-0.1944
18 	0.0 	18.0 	0.0 	2.34000E-01 	2.21162E06 	18.0000 	0.0004 	-0.2241
18 	0.0 	18.0 	0.0 	3.13000E-01 	8.48448E05 	18.0000 	0.0005 	-0.2799
18 	0.0 	18.0 	0.0 	4.20500E-01 	2.33105E05 	18.0000 	0.0007 	-0.3902
18 	0.0 	18.0 	0.0 	5.66500E-01 	4.08305E04 	18.0000 	0.0014 	-0.6315
18 	0.0 	18.0 	0.0 	7.64500E-01 	3.83018E03 	18.0000 	0.0041 	-1.2576
18 	0.0 	18.0 	0.0 	1.03300E00 	7.58495E01 	18.0000 	0.0342 	-4.2047
19 	0.0 	19.0 	0.0 	7.50000E-03 	3.59655E07 	19.0000 	0.0207 	-0.2785
19 	0.0 	19.0 	0.0 	1.00000E-02 	3.46378E07 	19.0000 	0.0131 	-0.2562
19 	0.0 	19.0 	0.0 	1.30000E-02 	3.40111E07 	19.0000 	0.0086 	-0.2362
19 	0.0 	19.0 	0.0 	1.65000E-02 	3.20106E07 	19.0000 	0.0060 	-0.2226
19 	0.0 	19.0 	0.0 	2.10000E-02 	3.02310E07 	19.0000 	0.0042 	-0.2093
19 	0.0 	19.0 	0.0 	2.70000E-02 	2.81506E07 	19.0000 	0.0029 	-0.1972
19 	0.0 	19.0 	0.0 	3.50000E-02 	2.55262E07 	19.0000 	0.0020 	-0.1868
19 	0.0 	19.0 	0.0 	4.55000E-02 	2.23900E07 	19.0000 	0.0014 	-0.1788
19 	0.0 	19.0 	0.0 	5.90000E-02 	1.89471E07 	19.0000 	0.0010 	-0.1734
19 	0.0 	19.0 	0.0 	7.65000E-02 	1.52571E07 	19.0000 	0.0008 	-0.1709
19 	0.0 	19.0 	0.0 	1.00000E-01 	1.14147E07 	19.0000 	0.0006 	-0.1722
19 	0.0 	19.0 	0.0 	1.32000E-01 	7.69853E06 	19.0000 	0.0005 	-0.1790
19 	0.0 	19.0 	0.0 	1.75500E-01 	4.51401E06 	19.0000 	0.0004 	-0.1944
19 	0.0 	19.0 	0.0 	2.34000E-01 	2.20845E06 	19.0000 	0.0004 	-0.2242
19 	0.0 	19.0 	0.0 	3.13000E-01 	8.46753E05 	19.0000 	0.0005 	-0.2801
19 	0.0 	19.0 	0.0 	4.20500E-01 	2.32431E05 	19.0000 	0.0007 	-0.3906
19 	0.0 	19.0 	0.0 	5.66500E-01 	4.08417E04 	19.0000 	0.0014 	-0.6314
19 	0.0 	19.0 	0.0 	7.64500E-01 	4.06250E03 	19.0000 	0.0040 	-1.2332
19 	0.0 	19.0 	0.0 	1.03300E00 	4.04531E00 	19.0000 	0.2416 	-11.1704
20 	0.0 	20.0 	0.0 	7.50000E-03 	3.57998E07 	20.0000 	0.0207 	-0.2789
20 	0.0 	20.0 	0.0 	1.00000E-02 	3.44309E07 	20.0000 	0.0132 	-0.2567
20 	0.0 	20.0 	0.0 	1.30000E-02 	3.38065E07 	20.0000 	0.0086 	-0.2366
20 	0.0 	20.0 	0.0 	1.65000E-02 	3.18192E07 	20.0000 	0.0060 	-0.2230
20 	0.0 	20.0 	0.0 	2.10000E-02 	3.00485E07 	20.0000 	0.0042 	-0.2098
20 	0.0 	20.0 	0.0 	2.70000E-02 	2.79859E07 	20.0000 	0.0029 	-0.1975
20 	0.0 	20.0 	0.0 	3.50000E-02 	2.53763E07 	20.0000 	0.0020 	-0.1872
20 	0.0 	20.0 	0.0 	4.55000E-02 	2.22584E07 	20.0000 	0.0014 	-0.1792
20 	0.0 	20.0 	0.0 	5.90000E-02 	1.88367E07 	20.0000 	0.0010 	-0.1737
20 	0.0 	20.0 	0.0 	7.65000E-02 	1.51687E07 	20.0000 	0.0008 	-0.1712
20 	0.0 	20.0 	0.0 	1.00000E-01 	1.13491E07 	20.0000 	0.0006 	-0.1725
20 	0.0 	20.0 	0.0 	1.32000E-01 	7.65440E06 	20.0000 	0.0005 	-0.1793
20 	0.0 	20.0 	0.0 	1.75500E-01 	4.48858E06 	20.0000 	0.0004 	-0.1948
20 	0.0 	20.0 	0.0 	2.34000E-01 	2.19596E06 	20.0000 	0.0004 	-0.2246
20 	0.0 	20.0 	0.0 	3.13000E-01 	8.41976E05 	20.0000 	0.0005 	-0.2806
20 	0.0 	20.0 	0.0 	4.20500E-01 	2.31140E05 	20.0000 	0.0007 	-0.3913
20 	0.0 	20.0 	0.0 	5.66500E-01 	4.06715E04 	20.0000 	0.0014 	-0.6323
20 	0.0 	20.0 	0.0 	7.64500E-01 	3.92475E03 	20.0000 	0.0041 	-1.2474
20 	0.0 	20.0 	0.0 	1.03300E00 	6.57362E00 	20.0000 	0.1748 	-9.5013
21 	0.0 	21.0 	0.0 	7.50000E-03 	3.59884E07 	21.0000 	0.0207 	-0.2784
21 	0.0 	21.0 	0.0 	1.00000E-02 	3.46247E07 	21.0000 	0.0131 	-0.2562
21 	0.0 	21.0 	0.0 	1.30000E-02 	3.40131E07 	21.0000 	0.0086 	-0.2362
21 	0.0 	21.0 	0.0 	1.65000E-02 	3.20042E07 	21.0000 	0.0060 	-0.2226
21 	0.0 	21.0 	0.0 	2.10000E-02 	3.02179E07 	21.0000 	0.0042 	-0.2094
21 	0.0 	21.0 	0.0 	2.70000E-02 	2.81518E07 	21.0000 	0.0029 	-0.1971
21 	0.0 	21.0 	0.0 	3.50000E-02 	2.55284E07 	21.0000 	0.0020 	-0.1868
21 	0.0 	21.0 	0.0 	4.55000E-02 	2.23944E07 	21.0000 	0.0014 	-0.1788
21 	0.0 	21.0 	0.0 	5.90000E-02 	1.89551E07 	21.0000 	0.0010 	-0.1733
21 	0.0 	21.0 	0.0 	7.65000E-02 	1.52677E07 	21.0000 	0.0008 	-0.1708
21 	0.0 	21.0 	0.0 	1.00000E-01 	1.14262E07 	21.0000 	0.0006 	-0.1721
21 	0.0 	21.0 	0.0 	1.32000E-01 	7.71009E06 	21.0000 	0.0005 	-0.1789
21 	0.0 	21.0 	0.0 	1.75500E-01 	4.52367E06 	21.0000 	0.0004 	-0.1943
21 	0.0 	21.0 	0.0 	2.34000E-01 	2.21491E06 	21.0000 	0.0004 	-0.2240
21 	0.0 	21.0 	0.0 	3.13000E-01 	8.50122E05 	21.0000 	0.0005 	-0.2797
21 	0.0 	21.0 	0.0 	4.20500E-01 	2.33911E05 	21.0000 	0.0007 	-0.3898
21 	0.0 	21.0 	0.0 	5.66500E-01 	4.11031E04 	21.0000 	0.0014 	-0.6301
21 	0.0 	21.0 	0.0 	7.64500E-01 	3.97684E03 	21.0000 	0.0040 	-1.2420
21 	0.0 	21.0 	0.0 	1.03300E00 	1.34001E02 	21.0000 	0.0234 	-3.4782
22 	0.0 	22.0 	0.0 	7.50000E-03 	3.64874E07 	22.0000 	0.0205 	-0.2771
22 	0.0 	22.0 	0.0 	1.00000E-02 	3.48044E07 	22.0000 	0.0131 	-0.2558
22 	0.0 	22.0 	0.0 	1.30000E-02 	3.39556E07 	22.0000 	0.0086 	-0.2363
22 	0.0 	22.0 	0.0 	1.65000E-02 	3.19829E07 	22.0000 	0.0060 	-0.2226
22 	0.0 	22.0 	0.0 	2.10000E-02 	3.02003E07 	22.0000 	0.0042 	-0.2094
22 	0.0 	22.0 	0.0 	2.70000E-02 	2.81327E07 	22.0000 	0.0029 	-0.1972
22 	0.0 	22.0 	0.0 	3.50000E-02 	2.55060E07 	22.0000 	0.0020 	-0.1869
22 	0.0 	22.0 	0.0 	4.55000E-02 	2.23740E07 	22.0000 	0.0014 	-0.1789
22 	0.0 	22.0 	0.0 	5.90000E-02 	1.89358E07 	22.0000 	0.0010 	-0.1734
22 	0.0 	22.0 	0.0 	7.65000E-02 	1.52497E07 	22.0000 	0.0008 	-0.1709
22 	0.0 	22.0 	0.0 	1.00000E-01 	1.14112E07 	22.0000 	0.0006 	-0.1722
22 	0.0 	22.0 	0.0 	1.32000E-01 	7.69793E06 	22.0000 	0.0005 	-0.1790
22 	0.0 	22.0 	0.0 	1.75500E-01 	4.51508E06 	22.0000 	0.0004 	-0.1944
22 	0.0 	22.0 	0.0 	2.34000E-01 	2.21003E06 	22.0000 	0.0004 	-0.2242
22 	0.0 	22.0 	0.0 	3.13000E-01 	8.47886E05 	22.0000 	0.0005 	-0.2800
22 	0.0 	22.0 	0.0 	4.20500E-01 	2.33063E05 	22.0000 	0.0007 	-0.3902
22 	0.0 	22.0 	0.0 	5.66500E-01 	4.12100E04 	22.0000 	0.0014 	-0.6295
22 	0.0 	22.0 	0.0 	7.64500E-01 	3.93983E03 	22.0000 	0.0041 	-1.2459
22 	0.0 	22.0 	0.0 	1.03300E00 	7.83778E01 	22.0000 	0.0335 	-4.1590
